[gd_scene load_steps=3 format=2]

[ext_resource path="res://Scenes/Player.tscn" type="PackedScene" id=1]
[ext_resource path="res://Scenes/Zombie.tscn" type="PackedScene" id=2]

[node name="World" type="Spatial"]

[node name="Player" parent="." instance=ExtResource( 1 )]

[node name="Zombie" parent="." instance=ExtResource( 2 )]
transform = Transform( 0.981777, 0, 0.190038, 0, 1, 0, -0.190038, 0, 0.981777, -10.3477, 0, 0 )

[node name="Zombie2" parent="." instance=ExtResource( 2 )]
transform = Transform( 0.981777, 0, 0.190038, 0, 1, 0, -0.190038, 0, 0.981777, -10.3477, 0, 5.63772 )

[node name="Zombie3" parent="." instance=ExtResource( 2 )]
transform = Transform( 0.981777, 0, 0.190038, 0, 1, 0, -0.190038, 0, 0.981777, -10.3477, 0, -6.99802 )
