[gd_scene load_steps=3 format=2]

[ext_resource path="res://Scenes/PCs/Player.tscn" type="PackedScene" id=1]
[ext_resource path="res://Scenes/NPCs/Zombie.tscn" type="PackedScene" id=2]



[node name="World" type="Spatial"]

[node name="Player" parent="." instance=ExtResource( 1 )]

[node name="Zombie" parent="." instance=ExtResource( 2 )]
transform = Transform( 0.981777, 0, 0.190038, 0, 1, 0, -0.190038, 0, 0.981777, 2.44723, 0, -4.95516 )

[node name="Zombie2" parent="." instance=ExtResource( 2 )]
transform = Transform( 0.981777, 0, 0.190038, 0, 1, 0, -0.190038, 0, 0.981777, -7.31083, 0, -6.9763 )

[node name="Zombie3" parent="." instance=ExtResource( 2 )]
transform = Transform( 0.981777, 0, 0.190038, 0, 1, 0, -0.190038, 0, 0.981777, -0.747576, 0, -6.99802 )
